#0 2 3 -1
1 2 3 4 5 -1 -2 -3 -4 -5
1 -1 -1 1 0 0 0 1
100 50 -42 -84

# 100 hodnot sinus od -2*PI do 2*PI
# Created by Octave 3.8.1, Mon Oct 20 23:27:45 2014 CEST <kappa@kappa>
# name: s
# type: matrix
# rows: 1
# columns: 1000
 2.449293598294706e-16 0.01257861783874123 0.02515524538937595 0.03772789267871721 0.05029457036336615 0.06285329004448184 0.07540206458240141 0.08793890841106189 0.1004618378521685 0.1129688714290733 0.1254580301802965 0.1379273379726539 0.150374821813937 0.1627985121650946 0.1751964432518691 0.1875666533758372 0.1999071852248046 0.2122160861825078 0.2244914086375725 0.2367312102916795 0.2489335544668922 0.2610965104120888 0.2732181536084663 0.2852965660740502 0.2973298366671726 0.3093160613888691 0.3212533436841439 0.3331397947420577 0.3449735337945906 0.3567526884142317 0.3684753948102498 0.3801397981235966 0.3917440527203971 0.4032863224839818 0.4147647811054075 0.4261776123724357 0.4375230104569046 0.4487991802004624 0.4600043373986112 0.471136709083018 0.4821945338020478 0.4931760618994744 0.5040795557913246 0.5149032902408126 0.5256455526313213 0.5363046432373823 0.5468788754936279 0.5573665762616425 0.5677660860947081 0.578075759500371 0.5882939652008053 0.598419086390927 0.6084495209942171 0.6183836819162154 0.6282199972956423 0.6379569107531119 0.6475928816373939 0.6571263852691891 0.6665559131823718 0.6758799733626795 0.6850970904837812 0.6942058061407228 0.7032046790806841 0.7120922854310257 0.7208672189245852 0.7295280911221885 0.738073531632339 0.746502188328052 0.7548127275607988 0.7630038343715272 0.7710742126987251 0.7790225855834909 0.7868476953715903 0.7945483039124439 0.802123192755044 0.8095711633407442 0.8168910371929055 0.8240816561033645 0.8311418823156936 0.8380705987052265 0.8448667089558177 0.8515291377333112 0.8580568308556874 0.8644487554598652 0.8707039001651273 0.8768212752331538 0.8827999127246198 0.888638866652356 0.8943372131310273 0.8998940505233183 0.9053084995825967 0.9105797035920355 0.9157068285001692 0.920689063052863 0.925525618921678 0.9302157308286042 0.9347586566671513 0.9391536776197676 0.9434000982715813 0.9474972467204299 0.9514444746831767 0.9552411575982869 0.9588866947246498 0.9623805092366335 0.9657220483153546 0.9689107832361495 0.9719462094522335 0.9748278466745341 0.9775552389476861 0.9801279547221767 0.9825455869226276 0.9848077530122081 0.9869140950531601 0.9888642797634357 0.9906579985694317 0.9922949676548137 0.9937749280054242 0.995097645450266 0.9962629106985543 0.9972705393728327 0.9981203720381463 0.9988122742272691 0.9993461364619809 0.9997218742703887 0.9999394282002937 0.9999987638285974 0.9998998717667489 0.9996427676622299 0.9992274921960794 0.9986541110764564 0.9979227150282433 0.9970334197786902 0.9959863660391044 0.9947817194825852 0.9934196707178107 0.9919004352588768 0.9902242534911986 0.9883913906334727 0.9864021366957145 0.9842568064333687 0.9819557392975067 0.9794992993811165 0.9768878753614926 0.9741218804387363 0.9712017522703763 0.9681279529021188 0.9649009686947388 0.9615213102471256 0.9579895123154888 0.9543061337287487 0.9504717573001115 0.9464869897348523 0.9423524615343186 0.9380688268961658 0.9336367636108461 0.9290569729543627 0.9243301795773085 0.9194571313902055 0.9144385994451658 0.9092753778138882 0.9039682834620163 0.8985181561198671 0.8929258581495687 0.8871922744086039 0.8813183121098069 0.8753049006778129 0.8691529916019989 0.8628635582859311 0.8564375958933459 0.8498761211906866 0.843180172386222 0.8363508089657763 0.8293891115250824 0.8222961815988097 0.815073141486262 0.8077211340738072 0.8002413226540319 0.7926348907416847 0.7849030418864044 0.7770469994822885 0.7690680065743168 0.7609673256616677 0.752746238497955 0.7444060458884189 0.7359480674841034 0.7273736415730486 0.7186841248685384 0.7098808922944286 0.7009653367675975 0.6919388689775461 0.682802917163189 0.6735589268868658 0.664208360805614 0.654752698439735 0.6451934359386935 0.6355320858443843 0.6257701768518058 0.6159092535671795 0.6059508762635482 0.5958966206338978 0.5857480775418394 0.5755068527698902 0.5651745667653927 0.554752854384117 0.544243364631579 0.5336477604021224 0.5229677182158026 0.5122049279531145 0.5013610925876061 0.4904379279164204 0.4794371622888097 0.4683605363326606 0.4572098026790792 0.4459867256850761 0.4346930811543959 0.4233306560565343 0.4119012482439926 0.4004066661678038 0.3888487285913876 0.37722926430277 0.3655501118252192 0.3538131191263386 0.3420201433256687 0.3301730504008368 0.3182737148923086 0.3063240196067836 0.294325855319282 0.282281120473972 0.270191720883782 0.2580595694288502 0.2458865857538503 0.2336746959642526 0.2214258323215593 0.2091419329375676 0.1968249414677053 0.1844768068034923 0.172099482764169 0.1596949277875495 0.1472651046201413 0.1348119800065845 0.1223375243784571 0.1098437115424999 0.09733251836830262 0.08480592447550926 0.07226591192058714 0.0597144648832101 0.04715356935230595 0.03458521281181722 0.02201138392622754 0.009434072225896801 -0.003144732207736243 -0.01572303905704081 -0.02829885808311783 -0.04087019944071169 -0.05343507399305747 -0.06599149362662048 -0.07853747156566952 -0.09107102268664065 -0.1035901638322391 -0.1160929141252299 -0.1285772952818687 -0.1410413319249193 -0.1534830518962162 -0.1659004865687132 -0.1782916711579757 -0.1906546450330643 -0.2029874520267614 -0.2152881407450903 -0.2275547648760823 -0.2397853834977358 -0.251978061385125 -0.2641308693166061 -0.276241884379074 -0.2883091902722218 -0.3003308776117504 -0.3123050442314894 -0.3242297954843708 -0.3361032445422159 -0.3479235126942836 -0.3596887296445357 -0.3713970338075681 -0.3830465726031676 -0.3946355027494407 -0.4061619905544722 -0.4176242122064667 -0.4290203540623265 -0.4403486129346193 -0.451607196376895 -0.4627943229672989 -0.473908222590443 -0.4849471367174875 -0.4959093186843891 -0.5067930339682726 -0.5175965604618784 -0.5283181887460513 -0.5389562223602162 -0.5495089780708058 -0.5599747861375951 -0.5703519905779014 -0.5806389494286055 -0.590834035005958 -0.6009356341631228 -0.6109421485454227 -0.6208519948432434 -0.6306636050425573 -0.6403754266730259 -0.6499859230536466 -0.6594935735358958 -0.6688968737443394 -0.6781943358146661 -0.6873844886291101 -0.6964658780492218 -0.7054370671459531 -0.7142966364270209 -0.7230431840615091 -0.7316753261016782 -0.7401916967019433 -0.7485909483349906 -0.7568717520049917 -0.7650327974578899 -0.7730727933887176 -0.7809904676459173 -0.7887845674326313 -0.7964538595049289 -0.8039971303669403 -0.8114131864628654 -0.8187008543658277 -0.8258589809635433 -0.8328864336407735 -0.8397821004585397 -0.8465448903300605 -0.8531737331933927 -0.8596675801807452 -0.8660254037844385 -0.8722461980194861 -0.8783289785827685 -0.8842727830087775 -0.8900766708219057 -0.8957397236852551 -0.9012610455459444 -0.9066397627768894 -0.9118750243150338 -0.9169660017960134 -0.9219118896852251 -0.9267119054052849 -0.9313652894598541 -0.9358713055538119 -0.9402292407097588 -0.9444384053808288 -0.9484981335597951 -0.9524077828844513 -0.9561667347392507 -0.9597743943531891 -0.9632301908939126 -0.9665335775580414 -0.9696840316576876 -0.97268105470316 -0.9755241724818386 -0.9782129351332084 -0.9807469172200396 -0.9831257177957041 -0.9853489604676164 -0.9874162934567888 -0.9893273896534934 -0.9910819466690196 -0.9926796868835203 -0.9941203574899393 -0.9954037305340125 -0.9965296029503367 -0.9974977965944997 -0.9983081582712682 -0.9989605597588274 -0.9994548978290693 -0.9997910942639261 -0.9999690958677468 -0.9999888744757141 -0.9998504269583004 -0.9995537752217639 -0.9990989662046814 -0.9984860718705224 -0.9977151891962615 -0.9967864401570343 -0.9956999717068377 -0.9944559557552776 -0.9930545891403677 -0.9914960935973848 -0.9897807157237836 -0.9879087269401781 -0.9858804234473959 -0.9836961261796102 -0.9813561807535597 -0.9788609574138615 -0.9762108509744296 -0.9734062807560027 -0.970447690519797 -0.9673355483972903 -0.9640703468161508 -0.9606526024223211 -0.9570828559982709 -0.9533616723774294 -0.9494896403548135 